.Random.seed <-
c(403L, 10L, 2099697270L, -2132422735L, 771682787L, 1907095218L, 
-1651406076L, 1176139847L, 1274048285L, -1071729260L, 423762234L, 
1797145989L, 651398751L, 51747046L, -934929552L, 1857862803L, 
314255665L, 534573024L, 893047934L, 88921865L, -1005315781L, 
1600421130L, -1327237908L, -1195155089L, -1671502171L, -891504548L, 
1316556850L, -288864467L, -176159257L, -124782322L, -564601112L, 
-3346197L, -1478594167L, 1512911128L, 1252410438L, 2021936289L, 
1048073011L, 377518754L, 282808724L, 397713431L, -119113715L, 
-164434652L, 393566474L, -1572917131L, 1242061775L, 968608982L, 
640908416L, 1215079107L, -75953055L, 2039770320L, -328335826L, 
-1158316071L, -811442197L, -1865648550L, 605130780L, -1078186721L, 
-367473291L, 1071365132L, 1297423842L, -750690627L, -1476445897L, 
1271733726L, 1299182360L, 2046376571L, 1021442073L, 1634365608L, 
-878988714L, 37355217L, 678596227L, 672695570L, 1583870116L, 
1958211687L, -2055257667L, -687289548L, -1034567526L, -850737435L, 
1301573759L, -1681724922L, 1438307728L, -1342625741L, 1335035857L, 
222596480L, 1978171486L, -364499031L, 477640283L, -672757142L, 
1109309196L, -1405255345L, 2036423173L, -1459246916L, 406684050L, 
1173215885L, -744322873L, -1938244178L, -776165368L, 1406876683L, 
-215639831L, 354826168L, -2096689050L, 388161793L, 628766611L, 
1000425538L, -601890828L, -1857013257L, 1358818797L, 2094005892L, 
470360234L, 18165269L, -1551560017L, 983345334L, -291035424L, 
-692102621L, -1123531455L, -1687619536L, -1069047218L, 958744249L, 
495010507L, -1529711750L, -1099554180L, 532682431L, 1140301717L, 
1269372844L, -2061015678L, -1266611363L, -1973696937L, -240904898L, 
-78166664L, 914454107L, -1148911175L, 7832584L, 2091876022L, 
-1181159951L, 317006883L, 843185266L, 1604591300L, -939673465L, 
-1811293091L, -679787948L, 391911546L, -1110279227L, 2060045599L, 
-1760535386L, 51744304L, 595768531L, -156140815L, -1104680416L, 
-1884386114L, 1167939785L, 1860569723L, -439271350L, -662302548L, 
-1047165009L, -1422625947L, 1954408732L, -1291923086L, 124793325L, 
280925735L, -530311602L, 1310390952L, 506173611L, 1733796297L, 
-171381288L, -499663738L, -1845862047L, 2046977267L, 1725262690L, 
1715529172L, 886599895L, -1694801203L, -500383132L, -244197302L, 
2076437941L, 1792487695L, -1463906794L, 1585809600L, 1885503107L, 
1758771873L, 564440208L, -592189586L, 1868030233L, -674700885L, 
-1439883366L, -1221398692L, 1328078431L, -815133131L, -317493812L, 
473771298L, 491902845L, 261352567L, -338906722L, -1398454184L, 
1302197691L, -964166823L, 20818152L, -1819055850L, 960035473L, 
-1970211005L, 163103314L, -520485660L, -1814270169L, -1511208067L, 
148336244L, -1369526182L, 2029529253L, 761674431L, 946700614L, 
-605997104L, 637952499L, 845270289L, -668128960L, 374683934L, 
-891470359L, 1081093915L, -510936790L, -742534580L, -162058737L, 
1844461893L, -390878468L, 781975890L, 2144413389L, 679698055L, 
1458694510L, -1275698360L, 145889099L, 110796457L, 796099576L, 
571956006L, 1832438849L, 1990639059L, 1239540972L, 172107836L, 
802450546L, -351089552L, -1629679068L, -30411208L, 1932108314L, 
1003457744L, 612994620L, -1682978668L, 698086530L, -1137069120L, 
-1955591876L, -1808626032L, 411259938L, -864206840L, 1241613452L, 
-355828708L, -954986350L, -146629504L, -43119596L, 1753687848L, 
-840871878L, 2059294928L, 1861419116L, 369170100L, -1267172334L, 
1302811616L, -815651892L, 1862257120L, -1067460574L, -1590162136L, 
1416085772L, -1685421508L, 933669106L, -107893520L, 1405263684L, 
-683197352L, -2096038342L, 541792496L, 1949566652L, 400318996L, 
472835266L, -1821058464L, 1720607100L, -560538416L, -1815777246L, 
-853723992L, -569200244L, 1432498620L, -1821725646L, 1021480768L, 
792464052L, 2041838920L, -212896070L, -1656034544L, 1066539244L, 
1139223636L, -990121198L, -1040487008L, 1422264268L, -2085987488L, 
1997769922L, -309104088L, -2124309076L, -168602820L, 1114505074L, 
-1258795216L, 436284452L, -1313975752L, -278685990L, 1232061328L, 
-620412676L, 136546708L, 2041604930L, 860008960L, 1391842364L, 
704088656L, 907941026L, -953919672L, 2013210124L, 905627356L, 
2094776402L, 1648181376L, 517841748L, 1906504680L, 498991866L, 
1196633936L, 1313787948L, -69701260L, -220939630L, 737776224L, 
-1578799988L, -2119000736L, -1351597854L, -386987864L, -1877335348L, 
-223058436L, 570570674L, -242008080L, -1249894972L, 2074245464L, 
509947258L, -680022608L, 724425148L, -632681900L, -993419838L, 
-2003797216L, -1603232836L, 453747792L, -998373406L, 98102120L, 
-1292372148L, -1062544644L, 194794226L, 42672384L, -2117319564L, 
-1548568056L, 290787770L, -382559792L, -1466067988L, 2116114324L, 
-201100078L, 137367648L, -1285478068L, -1395749088L, -202190206L, 
-376040984L, 444199916L, 1824955964L, 1586594418L, -412809360L, 
345268516L, 1925303864L, -826303078L, 1768109520L, 2125910460L, 
600992404L, 157668994L, 2010053056L, 1180098364L, -1986296176L, 
-1107987678L, 618778120L, -1856252148L, -952000612L, 1680230418L, 
1566864256L, -418028L, 1941395752L, -1915148230L, -127817776L, 
-2110315924L, -665406412L, 268885138L, 1131980128L, 1144066380L, 
-1960226336L, 24364962L, 637808552L, -370803572L, 743775164L, 
329449586L, -1828400144L, 1371926596L, -521513896L, -1086703558L, 
1397690480L, -2051265988L, -1837466860L, 161058498L, 1949056736L, 
284701820L, -747937584L, 1595331490L, -1750457816L, -1423876852L, 
-1744344132L, -2049872590L, 605549760L, -900956620L, -352004408L, 
-1017000262L, 1252305040L, 1911646956L, -1873702316L, 2050168466L, 
1800375072L, -1182594100L, -265034528L, -140481854L, -392536024L, 
-1909513300L, -897776964L, -551891470L, -269709776L, -739014748L, 
1465681336L, -1997879462L, -113022832L, -1633369220L, -1031947500L, 
1797669186L, -1568075008L, -1617807428L, -1736047792L, 1608297762L, 
1604191816L, 358696972L, 941357148L, 96780754L, 139420160L, -1298220716L, 
1874552040L, 1069153530L, 1356185296L, 645002540L, -693323532L, 
412982674L, -1805250208L, -1914236916L, -609392928L, 1305987682L, 
-109246808L, 743962188L, -734837892L, 975017266L, -1958904546L, 
845930700L, -1756969827L, -1195206361L, 5595984L, -1280066066L, 
-872838501L, 155376893L, -2048310294L, -325004152L, -2026788303L, 
-29795165L, 70385828L, -1967853230L, -998716249L, -916248335L, 
-1632731082L, -1928306476L, 133928037L, -1733177745L, 932720808L, 
350084614L, 2017935155L, 864287637L, -1659858958L, 1507355712L, 
1512641961L, 835124251L, 374225388L, 200581626L, 1070777903L, 
-252173767L, -449446834L, -1394908004L, -179972595L, -620914057L, 
-667309440L, -661110562L, 299355051L, 604644525L, -644368102L, 
2078436824L, -1586866623L, -1137849101L, -1198957804L, -1566426462L, 
105878455L, -1191391359L, 1576678790L, 1215076292L, 600144629L, 
1035341663L, -310406728L, 1636608150L, 498454179L, -1119653787L, 
-1500396158L, 143488752L, 949725849L, -204747125L, -1045926020L, 
-60677718L, -762598945L, -1061798039L, 1097140094L, -484536468L, 
-1751370819L, -1075978105L, -2049401744L, -1554098418L, 1774636091L, 
336036637L, 440543690L, 1472746216L, -986130991L, 1708353475L, 
-1684311868L, 219950962L, -1038003641L, -2068844015L, -1117357162L, 
2010631924L, -1435311995L, 713295311L, -1377464120L, 1936062822L, 
-607380589L, 1591575797L, -153242414L, -1670880480L, 547158793L, 
729791547L, 1388667276L, -1819183078L, 145163407L, -979792935L, 
957770862L, -2116169732L, -936008339L, -1847853289L, 545103584L, 
1012636862L, -20817269L, -243666675L, -489179846L, -1639025288L, 
1828339489L, -152610861L, 114458356L, 744300418L, 782673431L, 
444566753L, 724015654L, -1911842012L, -70954027L, 1827046271L, 
961439256L, -609440458L, -2032573501L, -907392507L, 363680162L, 
1874326928L, 819344697L, 689848811L, 397394652L, -1996019958L, 
47557119L, -1901477815L, -1106228770L, 871879052L, -1935569571L, 
-112956057L, -1331638640L, 1156108462L, 1134965083L, 1700570429L, 
-40994902L, 597790792L, -1424725903L, 1679549923L, -1889132316L, 
-1581667310L, 788228071L, 622890929L, 830628342L, -1466512364L, 
-283299035L, 1574560815L, 1992586728L, 969351878L, 1520290675L, 
